4178963	
4174273	
4172851	
4172698	
4172680	
4172626	
4172636	
4172597	
4172575	
4172565	
4172629	
4172617	
4172567	
4172560	
4172578	
4172571	
4172576	
4172554	
4172567	
4172581	
4172599	
4172295	
4172795	
4172565	
4172298	
4172789	
4172320	
4172542	
4172793	
4172552	
4172576	
4172597	
4172310	
4172520	
4172793	
4172583	
4172290	
4172797	
4172587	
4172601	
4172326	
4172786	
4172574	
4172304	
4172498	
4172782	
4172562	
4172569	
4172310	
4172787	
4172297	
4172522	
4172799	
4172576	
4172553	
4172558	
4172292	
4172524	
4172767	
4172331	
4172530	
4172534	
4172524	
4172778	
4172554	
4172300	
4172786	
4172320	
4172778	
4172568	
4172303	
4172532	
4172527	
4172777	
4172300	
4172777	
4172565	
4172293	
4172529	
4172535	
4172505	
4172539	
4172783	
4172590	
4172343	
4172789	
4172291	
4172784	
4172316	
4172784	
4172550	
4172577	
4172296	
4172541	
4172789	
4172562	
4172567	
4172310	
4172774	
4172545	
4172581	
4172576	
4172294	
4172770	
4172572	
4172288	
4172774	
4172563	
4172578	
4172561	
4172545	
4172313	
4172507	
4172780	
4172599	
4172607	
4172546	
4172563	
4172553	
4172299	
4172788	
4172546	
4172571	
4172569	
4172610	
4172552	
4172300	
4172523	
4172784	
4172555	
4172297	
4172542	
4172792	
4172557	
4172571	
4172567	
4172305	
4172520	
4172789	
4172556	
4172556	
4172301	
4172793	
4172560	
4172575	
4172288	
4172783	
4172292	
4172538	
4172521	
4172523	
4172789	
4172591	
4172576	
4172557	
4172544	
4172559	
4172557	
4172564	
4172559	
4172564	
4172596	
4172580	
4172303	
4172522	
4172777	
4172562	
4172324	
4172523	
4172798	
4172590	
4172309	
4172531	
4172530	
4172532	
4172784	
4172559	
4172607	
4172583	
4172293	
4172534	
4172789	
4172553	
4172545	
4172305	
4172531	
4172523	
4172514	
4172789	
4172562	
4172544	
4172567	
4172307	
4172792	
4172569	
4172589	
4172567	
4172585	
4172546	
4172548	
4172556	
4172566	
4172566	
4172602	
4172605	
4172311	
4172789	
4172292	
4172778	
4172551	
4172568	
4172565	
4172571	
4172561	
4172556	
4172561	
4172557	
4172563	
4172559	
4172558	
4172571	
4172315	
4172535	
4172492	
4172783	
4172545	
4172568	
4172555	
4172573	
4172291	
4172793	
4172561	
4172326	
4172535	
4172791	
4172567	
4172592	
4172608	
4172563	
4172552	
4172566	
4172614	
4172581	
4172580	
4172292	
4172799	
4172558	
4172600	
4172595	
4172600	
4172563	
4172561	
4172569	
4172325	
4172793	
4172303	
4172534	
4172797	
4172558	
4172292	
4172500	
4172796	
4172560	
4172306	
4172529	
4172521	
4172773	
4172303	
4172780	
4172565	
4172583	
4172580	
4172547	
4172290	
4172530	
4172798	
4172302	
4172799	
4172291	
4172794	
4172571	
4172291	
4172795	
4172560	
4172588	
4172308	
4172785	
4172303	
4172789	
4172582	
4172596	
4172301	
4172539	
4172537	
4172763	
4172568	
4172578	
4172311	
4172539	
4172788	
4172548	
4172294	
4172791	
4172579	
4172604	
4172289	
4172776	
4172549	
4172573	
4172559	
4172582	
4172575	
4172292	
4172772	
4172553	
4172572	
4172553	
4172550	
4172568	
4172567	
4172293	
4172776	
4172561	
4172572	
4172290	
4172789	
4172575	
4172570	
4172560	
4172566	
4172326	
4172533	
4172789	
4172576	
4172583	
4172566	
4172612	
4172332	
4172772	
4172554	
4172599	
4172586	
4172578	
4172572	
4172580	
4172590	
4172564	
4172335	
4172783	
4172581	
4172574	
4172302	
4172518	
4172543	
4172788	
4172555	
4172587	
4172572	
4172291	
4172781	
4172584	
4172617	
4172576	
4172589	
4172569	
4172594	
4172593	
4172566	
4172561	
4172587	
4172569	
4172546	
4172572	
4172546	
4172297	
4172526	
4172778	
4172551	
4172553	
4172548	
4172546	
4172602	
4172568	
4172561	
4172289	
4172760	
4172574	
4172573	
4172568	
4172552	
4172569	
4172327	
4172539	
4172790	
4172559	
4172572	
4172607	
4172291	
4172794	
4172571	