4207123	
4156337	
4112350	
4074226	
4040877	
4012252	
3986695	
3965177	
3945812	
3929264	
3914605	
3901838	
3890901	
3881042	
3872617	
3865129	
3858457	
3852936	
3848029	
3843330	
3839708	
3836404	
3833596	
3830880	
3828554	
3826568	
3824828	
3823610	
3821876	
3821026	
3819800	
3818768	
3818144	
3817394	
3816919	
3816289	
3815775	
3815236	
3815044	
3814463	
3814364	
3814066	
3813821	
3813864	
3813379	
3813199	
3813322	
3812950	
3813051	
3812662	
3812813	
3812746	
3812672	
3812362	
3812516	
3812470	
3812468	
3812417	
3812103	
3812339	
3812310	
3812274	
3812233	
3812254	
3812228	
3812212	
3812190	
3812150	
3811906	
3812090	
3812304	
3811844	
3812069	
3812040	
3812053	
3812019	
3812016	
3812010	
3811983	
3811991	
3811962	
3811980	
3811962	
3811937	
3811914	
3811919	
3811923	
3811917	
3811898	
3811963	
3811926	
3811906	
3811900	
3811876	
3811857	
3811608	
3811825	
3812078	
3811887	
3811888	
3811885	
3811625	
3811818	
3811820	
3811832	
3811835	
3811837	
3811816	
3812089	
3811843	
3811602	
3811818	
3811821	
3812063	
3811849	
3811877	
3811887	
3811598	
3811830	
3811803	
3811802	
3812078	
3811854	
3811863	
3811847	
3811585	
3811818	
3811835	
3811820	
3811809	
3811784	
3812083	
3811613	
3811834	
3811782	
3811821	
3811829	
3811806	
3811756	
3811766	
3811776	
3811778	
3811811	
3811753	
3811769	
3811779	
3811795	
3811778	
3811756	
3811784	
3811774	
3811757	
3811793	
3811808	
3811787	
3811769	
3811771	
3811794	
3811784	
3811839	
3811798	
3811805	
3812082	
3811845	
3811590	
3811829	
3811815	
3811785	
3811782	
3811827	
3811811	
3811784	
3811774	
3811808	
3811768	
3811763	
3811779	
3811771	
3811790	
3811753	
3811782	
3811783	
3811785	
3811769	
3811790	
3811773	
3811761	
3811750	
3811702	
3811726	
3811732	
3811680	
3811747	
3811752	
3811758	
3811759	
3811739	
3811766	
3811783	
3811780	
3811751	
3811752	
3811729	
3811717	
3811704	
3811666	
3811644	
3811723	
3811709	
3811699	
3811717	
3811714	
3811759	
3811731	
3811746	
3811763	
3811748	
3811769	
3811761	
3811742	
3811763	
3811772	
3811736	
3811763	
3811817	
3811746	
3811746	
3811773	
3811729	
3811743	
3811719	
3811723	
3811717	
3811703	
3811714	
3811729	
3811736	
3811714	
3811719	
3811690	
3811710	
3811694	
3811693	
3811727	
3811711	
3811681	
3811687	
3811685	
3811713	
3811725	
3811738	
3811727	
3811755	
3811706	
3811713	
3811752	
3811772	
3811737	
3811772	
3811784	
3811753	
3811764	
3811768	
3811734	
3811717	
3811711	
3811739	
3811726	
3811689	
3811755	
3811749	
3811717	
3811710	
3811713	
3811720	
3811729	
3811721	
3811696	
3811699	
3811683	
3811689	
3811693	
3811702	
3811681	
3811689	
3811655	
3811707	
3811642	
3811665	
3811666	
3811685	
3811677	
3811701	
3811716	
3811695	
3811686	
3811705	
3811689	
3811663	
3811693	
3811661	
3811651	
3811696	
3811667	
3811661	
3811693	
3811671	
3811694	
3811732	
3811694	
3811674	
3811713	
3811758	
3811741	
3811732	
3811705	
3811678	
3811723	
3811721	
3811715	
3811706	
3811659	
3811724	
3811713	
3811692	
3811695	
3811643	
3811689	
3811690	
3811651	
3811641	
3811659	
3811713	
3811695	
3811668	
3811706	
3811650	
3811683	
3811700	
3811663	
3811644	
3811644	
3811660	
3811659	
3811698	
3811733	
3811719	
3811701	
3811728	
3811681	
3811653	
3811685	
3811725	
3811680	
3811738	
3811780	
3811751	
3811704	
3811711	
3811703	
3811706	
3811693	
3811685	
3811682	
3811676	
3811702	
3811708	
3811658	
3811679	
3811726	
3811717	
3811690	
3811699	
3811669	
3811659	
3811702	
3811685	
3811668	
3811653	
3811650	
3811656	
3811671	
3811666	
3811642	
3811660	
3811694	
3811716	
3811680	
3811641	
3811649	
3811663	
3811693	
3811695	
3811682	
3811661	
3811658	
3811663	
3811627	
3811620	
3811618	