5395
5443
5455
5472
5492
5489
5444
5523
5541
5498
5476
5482
5484
5477
5478
5464
5483
5513
5520
5526
5488
5521
5504
5485
5528
5537
5496
5463
5506
5499
5481
5487
5499
5499
5536
5541
5537
5477
5509
5505
5507
5517
5499
5492
5496
5529
5523
5483
5469
5484
5507
5494
5478
5527
5492
5495
5467
5487
5507
5519
5511
5514
5504
5511
5501
5493
5483
5521
5513
5512
5492
5509
5490
5490
5508
5527
5517
5484
5492
5504
5499
5499
5518
5509
5496
5466
5462
5478
5497
5473
5470
5525
5528
5504
5502
5494
5485
5499
5448
5505
5507
5533
5489
5467
5504
5471
5510
5544
5561
5542
5493
5445
5497
5483
5446
5453
5487
5498
5500
5523
5498
5536
5520
5482
5492
5519
5508
5502
5505
5529
5526
5512
5521
5499
5540
5502
5503
5485
5488
5503
5461
5504
5509
5552
5496
5498
5537
5521
5540
5508
5486
5530
5513
5477
5503
5475
5493
5501
5487
5518
5519
5505
5476
5503
5465
5492
5488
5488
5489
5455
5428
5490
5474
5443
5481
5518
5554
5525
5516
5515
5508
5501
5505
5535
5505
5513
5472
5467
5475
5475
5479
5507
5520
5566
5513
5498
5483
5474
5465
5495
5518
5530
5507
5509
5514
5524
5478
5431
5440
5492
5521
5504
5516
5519
5529
5451
5468
5512
5529
5527
5479
5499
5510
5471
5481
5489
5486
5473
5511
5544
5512
5465
5435
5505
5513
5516
5465
5511
5514
5510
5491
5502
5531
5482
5481
5504
5497
5521
5481
5486
5507
5509
5505
5480
5475
5501
5510
5485
5484
5508
5522
5486
5494
5502
5517
5502
5462
5514
5514
5489
5454
5478
5498
5507
5482
5504
5503
5491
5477
5502
5507
5516
5507
5497
5486
5517
5490
5492
5490
5465
5430
5443
5529
5548
5540
5519
5517
5469
5486
5450
5477
5511
5503
5479
5498
5529
5513
5492
5502
5526
5508
5491
5474
5493
5520
5518
5484
5472
5513
5531
5512
5502
5502
5489
5511
5498
5492
5515
5524
5510
5531
5517
5518
5504
5516
5510
5513
5476
5505
5490
5504
5506
5494
5491
5518
5459
5502
5477
5502
5504
5453
5491
5509
5497
5508
5522
5499
5480
5484
5489
5528
5505
5498
5505
5482
5525
5526
5510
5501
5509
5495
5515
5523
5543
5514
5529
5511
5511
5537
5527
5507
5538
5489
5471
5496
5503
5482
5461
5525
5544
5509
5509
5499
5504
5490
5454
5469
5481
5473
5495