4093
4093
4095
4091
4095
4083
4091
4089
4093
4087
4085
4089
4095
4086
4089
4095
4084
4090
4094
4091
4095
4081
4094
4079
4091
4089
4093
4095
4091
4087
4087
4087
4095
4090
4095
4095
4085
4087
4094
4090
4093
4094
4093
4095
4093
4091
4091
4083
4095
4088
4095
4095
4094
4092
4091
4093
4090
4095
4094
4094
4087
4092
4095
4094
4095
4095
4092
4095
4093
4093
4094
4087
4095
4095
4089
4090
4093
4083
4092
4095
4095
4093
4087
4095
4092
4085
4091
4089
4090
4095
4091
4095
4090
4093
4091
4087
4092
4089
4095
4094
4088
4095
4094
4093
4088
4095
4090
4095
4085
4095
4093
4090
4092
4090
4095
4095
4089
4091
4095
4094
4091
4090
4091
4091
4095
4091
4095
4094
4089
4092
4095
4090
4089
4094
4095
4095
4095
4093
4091
4095
4090
4093
4091
4094
4095
4094
4095
4083
4093
4091
4089
4087
4079
4092
4090
4091
4091
4087
4089
4095
4094
4093
4089
4095
4095
4085
4091
4088
4091
4091
4093
4091
4087
4093
4095
4091
4090
4089
4089
4094
4092
4091
4095
4095
4087
4084
4091
4095
4088
4084
4081
4094
4095
4090
4088
4081
4091
4094
4095
4087
4089
4091
4087
4090
4092
4095
4086
4095
4095
4086
4095
4092
4091
4089
4091
4093
4090
4085
4094
4095
4095
4095
4092
4095
4091
4091
4088
4092
4095
4088
4092
4091
4095
4094
4089
4095
4093
4094
4095
4093
4092
4091
4094
4094
4090
4091
4090
4089
4087
4095
4091
4095
4095
4092
4094
4091
4092
4091
4089
4095
4094
4090
4091
4095
4089
4091
4095
4095
4095
4087
4093
4091
4087
4091
4081
4093
4091
4091
4087
4093
4095
4092
4095
4089
4089
4093
4091
4090
4091
4089
4093
4091
4079
4091
4095
4091
4093
4093
4093
4095
4093
4093
4070
4074
4094
4095
4089
4070
4091
4095
4089
4089
4089
4093
4092
4089
4092
4094
4088
4091
4092
4090
4091
4089
4080
4095
4094
4089
4095
4084
4092
4095
4090
4087
4095
4093
4089
4087
4091
4085
4093
4093
4089
4089
4095
4083
4092
4095
4089
4092
4088
4093
4088
4095
4094
4089
4094
4089
4095
4091
4094
4095
4092
4086
4090
4091
4095
4076
4095
4095
4093
4088
4095
4090
4095
4093
4089
4092
4095
4094
4095
4095
4091
4095
4084
4093
4094
4087
4092
4090
4091
4095
4095
4092
4095
4093
4092
4087
4095
4090
4095
4090
4091
4095
4094
4089
4095
4086
4087
4088
4089
4094
4095
4089
4087
4094
4081
4094
4094
4093
4094
4095
4095
4092
4080
4093
4091
4088
4095
4095
4094
4087
4095
4091
4087
4091
4095
4091
4095
4089
4088
4093
4081
4095
4087
4095
4095
4095
4094
4090
4085
4095
4095
4085
4092
4095
4087
4090
4094
4091
4094
4095
4090
4095
4093
4092
4091
4095
4095
4089
4087
4094
4095
4091
4085
4091
4090
4089
4094
4095
4095
4093
4095
4091
4083
4093
4095
4089
4095
4095
4095
4094
4091
4090
4091
4082
4088
4095
4093
4089
4091
4087
4092
4095
4089
4095
4095
4088
4095
4093
4083
4091
4089
4095
4090
4092
4083
4095
4088
4091
4090
4092
4089
4091
4095
4095
4095
4087
4092
4095
4095
4087
4092
4087
4090
4089
4089
4093
4089
4090
4093
4095
4092
4090
4095
4091
4092
4083
4090
4090
4093
4090
4095
4091
4094
4093
4087
4088
4083
4085
4094
4090
4091
4089
4095
4092
4088
4093
4089
4092
4088
4089
4078
4092
4088
4090
4087
4091
4095
4090
4089
4091
4095
4093
4088
4095
4094
4089
4094
4095
4093
4087
4095
4078
4091
4088
4089
4091
4095
4093
4089
4095
4095
4095
4095
4087
4087
4093
4091
4091
4087
4093
4085
4095
4085
4095
4095
4094
4088
4093
4095
4091
4092
4092
4093
4084
4094
4093
4091
4093
4086
4093
4095
4091
4092
4091
4095
4092
4089
4092
4095
4091
4095
4082
4095
4095
4094
4091
4083
4084
4095
4092
4095
4095
4095
4094
4093
4091
4091
4093
4089
4093
4095
4090
4090
4090
4095
4095
4095
4094
4085
4085
4091
4084
4091
4088
4093
4092
4093
4090
4087
4095
4095
4087
4091
4085
4095
4089
4084
4086
4094
4095
4091
4089
4089
4091
4091
4091
4083
4093
4092
4093
4093
4090
4095
4087
4086
4090
4089
4095
4084
4093
4091
4091
4093
4095
4083
4095
4095
4085
4089
4091
4091
4092
4095
4095
4089
4094
4090
4091
4095
4095
4089
4092
4087
4095
4095
4090
4090
4089
4093
4095
4093
4095
4095
4090
4085
4090
4092
4093
4090
4094
4095
4093
4091
4095
4085
4087
4095
4095
4094
4091
4094
4095
4095
4089
4091
4095
4091
4091
4095
4090
4091
4085
4095
4090
4095
4091
4093
4094
4095
4091
4093
4095
4094
4092
4075
4090
4095
4091
4090
4095
4089
4095
4093
4095
4092
4094
4093
4095
4095
4095
4094
4093
4088
4090
4091
4090
4094
4093
4095
4089
4094
4095
4093
4095
4095
4095
4092
4091
4095
4095
4092
4094
4090
4083
4095
4087
4094
4091
4095
4093
4092
4095
4093
4093
4090
4093
4089
4091
4092
4086
4091
4095
4090
4085
4087
4095
4089
4091
4094
4092
4095
4094
4094
4087
4093
4093
4087
4089
4095
4095
4089
4094
4091
4085
4083
4095
4086
4086
4086
4088
4094
4093
4091
4091
4093
4092
4091
4095
4089
4090
4090
4091
4095
4081
4092
4085
4087
4089
4091
4091
4092
4093
4094
4090
4095
4093
4091
4093
4087
4091
4093
4093
4091
4092
4088
4089
4094
4094
4083
4084
4092
4089
4083
4093
4091
4091
4089
4092
4094
4091
4082
4090
4090
4088
4086
4093
4086
4095
4084
4093
4090
4095
4092
4091
4095
4094
4095
4095
4092
4091
4094
4095
4095
4092
4093
4095
4091
4095
4087
4092
4090
4095
4088
4089
4090
4092
4090
4089
4087
4092
4093
4088
4095
4087
4085
4091
4091
4090
4095
4095
4094
4095
4087
4095
4095
4095
4090
4091
4091
4066
4095
4091
4093
4093
4094
4084
4095
4095
4095
4095
4094
4093
4095
4093
4095
4089
4095
4091
